209.0 210.0
210.0 211.0
210.0 233.0
211.0 252.0
211.0 232.0
212.0 211.0
213.0 214.0
214.0 215.0
214.0 216.0
216.0 219.0
216.0 217.0
219.0 220.0
219.0 218.0
220.0 251.0
220.0 220.0
220.0 221.0
223.0 222.0
223.0 224.0
226.0 251.0
226.0 225.0
227.0 219.0
227.0 226.0
228.0 231.0
228.0 227.0
229.0 216.0
229.0 228.0
230.0 229.0
231.0 230.0
232.0 230.0
233.0 234.0
234.0 235.0
234.0 232.0
235.0 230.0
235.0 236.0
236.0 237.0
236.0 239.0
237.0 227.0
237.0 238.0
238.0 226.0
239.0 238.0
239.0 253.0
240.0 239.0
240.0 241.0
242.0 240.0
242.0 254.0
243.0 244.0
243.0 242.0
244.0 236.0
245.0 235.0
245.0 244.0
246.0 245.0
246.0 243.0
247.0 233.0
247.0 246.0
248.0 210.0
248.0 247.0
249.0 248.0
251.0 223.0
252.0 214.0
252.0 229.0
