209.0 210.5206 322.2333
210.0 204.7089 550.8256
211.0 433.3012 545.0139
212.0 427.4895 314.4844
213.0 814.934 283.4889
214.0 816.8712 539.2022
215.0 1091.9568 535.3278
216.0 818.8084 1019.6334
217.0 1107.4546 1011.8845
218.0 1105.5174 1352.8357
219.0 816.8712 1352.8357
220.0 814.934 1544.6207
221.0 1117.1407 1521.3741
222.0 1095.8313 1715.0963
223.0 962.1629 1728.6569
224.0 967.9746 2092.8547
225.0 636.7095 2096.7292
226.0 640.584 1749.9663
227.0 640.584 1358.6474
228.0 644.4584 1172.674
229.0 652.2073 1021.5707
230.0 450.7362 1031.2568
231.0 460.4223 1170.7368
232.0 442.9873 808.4762
233.0 214.395 721.3012
234.0 216.3322 810.4134
235.0 218.2694 1035.1312
236.0 208.5833 1378.0196
237.0 450.7362 1368.3335
238.0 456.5478 1765.4641
239.0 241.5161 1763.5269
240.0 86.5383 1773.213
241.0 88.4755 2108.3525
242.0 -91.6861 1792.5852
243.0 -95.5605 1397.3918
244.0 34.2333 1383.8313
245.0 26.4844 1025.4451
246.0 -99.435 1011.8845
247.0 -101.3722 711.615
248.0 -105.2466 550.8256
249.0 -114.9327 326.1077
251.0 824.6201 1736.4058
252.0 642.5212 539.2022
253.0 229.8928 2118.0386
254.0 -87.8116 2121.9131
